 0 1 0 0 0 8 0 0 0 0 0 0 0 0 0 0 0 0 0 0 0 0 0 0 0
 4 0 1 0 0 0 5 0 4 0 0 3 8 0 0 0 0 3 0 0 0 0 0 0 0
 0 4 0 12 0 0 0 0 0 0 0 0 0 6 0 0 0 3 0 54 0 0 7 0 3
 0 0 3 0 1 0 0 0 0 0 0 0 0 0 0 0 9 0 0 0 0 0 0 0 0
 0 0 0 1 0 8 0 0 0 0 0 0 0 0 0 0 0 0 0 0 0 0 0 0 0
 0 0 0 0 3 0 16 0 0 0 0 0 0 0 0 0 0 0 0 7 0 0 0 0 0
 0 0 0 0 0 1 0 5 0 0 0 0 8 0 0 0 0 0 0 0 6 0 0 0 0
 0 0 0 0 0 0 7 0 0 0 0 0 0 0 0 0 0 0 0 0 0 2 0 0 4
 0 1 0 0 0 0 0 0 0 1 0 0 0 3 0 0 0 0 0 0 0 0 0 0 0
 0 0 0 0 6 8 0 0 8 0 1 0 0 0 0 0 7 0 0 0 0 0 6 0 0
 0 0 0 0 0 0 0 0 0 1 0 1 0 0 0 0 0 0 0 0 7 0 0 0 0
 0 0 0 0 0 0 0 0 0 0 5 0 24 0 0 0 0 0 0 0 0 0 0 0 0
 0 0 0 0 0 0 0 0 0 0 0 1 0 0 0 0 0 0 0 0 0 0 0 0 0
 0 0 3 0 0 0 0 0 3 0 0 0 0 0 16 0 0 0 0 0 0 0 0 0 4
 0 0 0 0 8 2 0 0 0 0 0 0 0 11 0 12 0 0 0 0 0 0 9 4 0
 0 0 0 0 0 0 0 0 0 0 0 0 0 0 5 0 8 21 0 0 0 0 0 0 0
 0 0 0 1 0 0 0 0 0 0 0 0 4 0 0 1 0 0 0 0 0 0 0 0 0
 0 0 0 0 0 0 0 0 3 0 0 0 0 0 0 1 0 0 6 0 0 0 0 0 0
 0 0 0 0 0 0 0 0 0 0 0 0 4 0 16 0 0 1 0 17 0 0 0 0 1
 0 0 0 0 0 7 5 0 0 0 0 0 0 0 0 0 0 0 2 0 0 0 0 0 0
 0 0 0 0 0 0 1 0 0 0 2 0 0 0 0 0 0 0 0 0 0 0 0 0 6
 0 0 0 0 9 6 0 4 0 0 0 0 0 0 0 0 0 0 0 0 0 0 0 0 0
 0 0 0 0 0 0 0 0 0 5 0 0 0 0 0 0 9 0 0 0 0 0 0 4 0
 0 0 0 0 0 0 0 0 0 0 0 0 0 0 2 0 0 0 0 0 0 0 15 0 8
 0 0 0 0 0 0 0 0 0 0 0 0 0 0 0 0 0 0 2 0 3 0 0 7 0